found: 14862915
31
126
252
475
504
783
878
903
963
992
3166
3292
3544
3918
4032
7324
7576
8064
14683
14712
15171
15200
15640
16128
24847
24942
24967
25027
25056
27982
28096
28807
28867
28896
30787
30816
31744
100446
100572
100824
101198
101312
104604
104856
105344
112920
113408
125262
125376
129024
233628
233880
234368
241944
242432
258048
469339
469368
469827
469856
470296
470784
485443
485472
486400
499992
500480
516096
794895
794990
795015
795075
795104
798030
798144
798855
798915
798944
800835
800864
801792
895310
895424
899072
921735
921795
921824
923715
923744
924672
985155
985184
986112
1015808
1082401
1082466
1082596
1082856
1084482
1084612
1084872
1088644
1088904
1096968
1148994
1149025
1149124
1149384
1153156
1153416
1161480
1282180
1282242
1282273
1282440
1290504
1548552
1548676
1548738
1548769
2164802
2164833
2164932
2165192
2165712
2165793
2168964
2169224
2169744
2177288
2177808
2193936
2196513
2196578
2196708
2196968
2297988
2298050
2298081
2298248
2298768
2306312
2306832
2322960
2564360
2564484
2564546
2564577
2564880
2581008
3097104
3097352
3097476
3097538
3214272
3218304
3226368
3238336
3241984
3347328
3355392
3371008
3613440
3629056
4008384
4012032
4128768
4329604
4329666
4329697
4329864
4330384
4331586
4331617
4332577
4337928
4338448
4354576
4393026
4393057
4393156
4393416
4393936
4394017
4424737
4424802
4424932
4425192
4595976
4596100
4596162
4596193
4596496
4612624
5128720
5128968
5129092
5129154
7476096
7484160
7499776
7742208
7757824
8257536
8659208
8659332
8659394
8659425
8659728
8663172
8663234
8663265
8665154
8665185
8666145
8675856
8786052
8786114
8786145
8786312
8786832
8788034
8788065
8789025
8849474
8849505
8849604
8849864
8850384
8850465
8881185
8881250
8881380
8881640
9191952
9192200
9192324
9192386
15018848
15019776
15034464
15035392
15049472
15065088
15534176
15535104
15564800
15999744
16015360
16515072
17318416
17318664
17318788
17318850
17326344
17326468
17326530
17330308
17330370
17332290
17572104
17572228
17572290
17572624
17576068
17576130
17578050
17698948
17699010
17699208
17699728
17700930
17762370
17762500
17762760
17763280
25436640
25439680
25440480
25442400
25443328
25536960
25540608
25563360
25565280
25566208
25626720
25627648
25657344
28649920
28653568
28770304
29495520
29497440
29498368
29558880
29559808
29589504
31524960
31525888
31555584
32505856
